Rk,Team,Conf,G,Rec,AdjOE,AdjDE,Barthag,EFG%,EFGD%,TOR,TORD,ORB,DRB,FTR,FTRD,2P%,2P%D,3P%,3P%D,3PR,3PRD,Adj T.,WAB
1,"Houston (H) 105 Kansas St.","B12",11,"10-1",131.7,91.9,0.9843,52.6,47.7,10.2,21.2,36.2,31.4,25.3,39.8,54.6,45.5,33.2,33.6,41.4,43.7,63.1,+4.6
2,"Florida (H) 39 Kentucky","SEC",11,"9-2",128.5,90.2,0.9832,53.8,46.4,13.4,15.3,40.2,25.0,34.1,33.3,58.4,44.7,30.6,32.9,36.3,35.2,70.0,+4.1
3,"Arizona (H) 13 Texas Tech","B12",11,"10-1",125.5,90.2,0.9781,54.2,43.8,13.7,15.8,36.7,26.8,40.7,25.3,55.7,43.4,32.7,29.7,23.4,36.8,72.3,+3.9
4,"Nebraska (H) 64 Northwestern","B10",13,"10-3",124.6,91.9,0.9708,57.0,49.7,12.7,18.8,22.4,28.9,20.1,27.8,56.8,53.9,38.2,30.2,52.0,48.4,66.8,+4.7
5,"Michigan (H) 38 UCLA","B10",14,"13-1",127.1,93.8,0.9706,57.2,46.4,16.2,16.5,37.2,29.8,38.1,27.8,60.6,47.2,34.9,30.3,41.4,42.4,71.8,+5.4
6,"Duke (H) 25 Clemson","ACC",12,"11-1",125.5,93.6,0.9668,56.1,50.9,16.6,19.8,37.5,23.8,35.6,21.2,61.0,50.0,32.6,34.6,40.9,47.3,64.6,+4.5
7,Illinois,"B10",14,"11-3",133.4,99.7,0.9659,55.0,49.2,13.3,9.5,36.8,26.2,34.7,17.8,54.9,49.3,36.7,32.7,54.8,44.6,65.4,+4.1
8,"Texas Tech (A) 3 Arizona","B12",11,"8-3",125.5,94.1,0.9649,56.3,48.6,16.0,14.5,32.5,26.8,21.6,31.1,51.0,50.5,41.2,30.3,48.8,36.9,68.6,+2.6
9,"Connecticut (H) 78 Georgetown","BE",14,"13-1",123.3,93.8,0.9585,56.5,46.4,17.7,17.7,37.3,29.4,29.7,40.8,55.2,46.9,38.9,30.3,40.1,65.3,+4.6
10,"Purdue (A) 23 Iowa","B10",13,"10-3",128.5,97.9,0.9582,56.4,54.2,13.1,16.8,32.1,23.2,30.4,28.2,58.3,55.8,35.7,34.8,40.4,45.9,66.7,+3.5
11,"Iowa St. (H) 10 Kansas","B12",11,"8-3",122.8,94.1,0.9549,55.6,48.7,17.8,18.8,37.2,29.4,34.8,28.2,53.9,50.0,38.8,31.5,39.2,46.1,66.0,+1.8
12,"Kansas (A) 9 Iowa St.","B12",11,"9-2",123.8,96.2,0.9477,54.3,47.7,14.1,13.8,27.9,31.6,35.7,25.4,55.0,44.4,35.3,34.8,34.0,42.5,67.9,+3.5
13,"Michigan St.","B10",14,"10-4",120.1,93.8,0.9446,53.0,47.5,18.7,14.2,38.0,22.1,36.9,31.5,54.7,47.6,33.4,31.5,38.3,46.7,65.8,+3.2
14,"Virginia vs. 40 Ohio St.","ACC",12,"10-2",119.1,93.3,0.9435,50.9,44.9,16.8,15.1,37.4,27.0,28.8,37.0,53.9,46.4,31.9,28.3,49.1,38.3,64.7,+3.4
15,"Louisville vs. 48 Baylor","ACC",12,"8-4",125.8,98.6,0.9431,55.5,49.9,16.2,15.1,32.0,26.7,31.4,33.4,58.9,47.0,34.9,35.9,51.6,42.6,70.6,+1.6
16,"Saint Louis","A10",12,"12-0",124.0,97.9,0.9385,63.2,42.2,16.0,15.2,27.7,28.1,31.1,36.7,58.5,43.6,45.5,26.7,47.5,40.2,71.3,+2.5
17,"Vanderbilt (H) 31 Texas A&M","SEC",11,"7-4",124.8,98.9,0.9357,52.5,50.7,12.3,16.6,27.9,33.5,41.4,39.1,53.5,53.3,34.2,31.1,42.9,39.1,69.3,+1.5
18,"Wisconsin","B10",14,"10-4",129.1,102.3,0.9353,53.2,51.9,11.4,12.7,29.1,29.3,32.4,31.6,52.4,54.4,36.0,32.1,51.7,41.2,69.2,+3.4
19,"St. John's (A) 63 Providence","BE",13,"12-1",123.4,98.0,0.9344,51.3,50.5,13.0,18.4,36.4,27.8,41.8,35.1,50.0,47.6,36.0,37.4,31.7,33.9,69.7,+4.0
20,"Tennessee (H) 67 LSU","SEC",11,"7-4",121.8,97.0,0.9318,49.8,50.6,18.8,14.8,43.3,28.3,47.7,38.3,53.7,48.0,35.9,31.3,30.5,45.7,66.0,+2.2
21,"Clemson (A) 6 Duke","ACC",12,"10-2",115.6,92.4,0.9289,55.2,47.9,16.4,19.5,23.7,24.6,36.2,33.8,56.3,45.5,35.7,34.4,42.2,38.8,64.4,+2.4
22,"Arkansas (H) 32 Auburn","SEC",11,"8-3",127.0,101.6,0.9284,56.6,51.6,12.6,16.4,31.5,31.9,31.8,33.1,59.6,54.3,33.3,31.3,31.3,36.2,71.6,+2.4
23,"Texas A&M (A) 11 Vanderbilt","SEC",11,"7-4",124.2,99.9,0.9246,53.1,49.6,13.4,16.5,29.6,36.3,33.1,34.5,51.4,52.8,36.5,30.1,49.9,41.2,69.6,+1.7
24,"Gonzaga (A) 35 Santa Clara","WCC",13,"12-1",118.7,95.7,0.9226,55.2,47.5,13.9,20.9,35.1,23.8,30.8,29.2,57.7,45.5,32.6,33.5,28.5,42.7,69.4,+1.8
25,"Utah St. (H) 92 Memphis","MWC",14,"12-2",126.5,102.1,0.9219,59.1,47.9,15.2,19.4,35.4,31.4,37.8,37.9,62.2,46.7,36.4,33.1,41.6,39.3,68.6,+2.2
26,"Alabama (H) 102 South Carolina","SEC",11,"7-4",126.7,102.6,0.9191,53.4,49.3,12.6,10.2,29.1,31.1,39.9,39.8,53.9,50.1,35.3,31.9,54.6,33.5,74.3,+2.1
27,"Cincinnati","B12",12,"5-7",113.9,92.4,0.9177,49.5,50.2,17.6,16.7,30.5,29.9,26.0,28.2,49.3,49.8,33.2,34.0,40.4,38.5,66.8,-0.6
28,"Indiana","B10",14,"8-6",127.3,103.3,0.9175,56.4,51.6,13.7,15.0,26.0,31.1,32.9,39.4,60.1,52.6,35.3,33.3,51.9,40.0,66.5,+1.3
29,"Santa Clara (H) 15 Gonzaga","WCC",14,"13-1",126.0,102.2,0.9174,58.2,51.5,14.9,21.9,33.8,30.4,27.0,34.8,60.8,51.4,36.5,34.4,43.9,36.5,71.4,+2.5
30,"Auburn (A) 21 Arkansas","SEC",11,"5-6",127.4,103.5,0.9156,50.5,54.7,13.3,16.7,37.6,32.0,48.0,44.0,53.9,52.3,30.0,38.6,37.4,42.1,67.3,+0.26
31,"San Diego St. (H) 53 Nevada","MWC",13,"11-2",112.1,91.2,0.9143,54.9,45.8,16.5,22.1,27.9,26.9,36.9,36.0,56.3,44.6,34.6,31.3,50.3,70.1,+1.9
32,"Villanova (A) 77 Creighton","BE",13,"10-3",120.8,99.0,0.9079,53.8,49.7,15.9,18.2,31.8,33.9,35.8,30.0,53.2,52.7,36.3,29.9,45.5,38.5,65.5,+2.2
33,"Saint Mary's (A) 99 Pacific","WCC",13,"11-2",121.4,99.7,0.9055,55.0,46.2,15.5,14.4,36.3,23.4,33.9,26.5,50.4,47.0,41.9,29.9,36.6,37.6,65.1,+1.1
34,"N.C. State (H) 45 Miami FL","ACC",12,"9-3",124.0,102.0,0.9041,54.8,53.3,12.8,18.6,25.2,30.7,35.0,35.5,51.0,50.4,40.0,38.2,42.2,43.1,69.6,+2.4
35,"SMU (A) 61 Syracuse","ACC",11,"6-5",127.4,105.0,0.9021,57.2,54.1,17.1,15.0,32.4,30.7,28.3,31.4,53.8,55.3,42.1,35.2,50.3,69.1,+0.6
36,"Iowa (H) 8 Purdue","B10",13,"8-5",122.4,101.2,0.8991,54.8,53.1,15.3,19.8,29.1,32.3,31.4,41.1,55.8,55.7,35.6,32.4,41.7,37.0,64.6,+1.4
37,"UCLA (A) 1 Michigan","B10",13,"9-4",121.3,100.6,0.8957,52.0,49.5,12.5,16.9,31.5,34.3,37.1,35.2,49.4,54.3,38.1,29.3,46.5,64.9,+1.9
38,"New Mexico","MWC",14,"10-4",118.2,98.2,0.8949,54.6,48.4,14.6,18.8,27.9,27.3,34.0,33.3,52.2,51.5,38.6,29.9,41.4,45.5,71.1,+0.36
39,"North Carolina (H) 109 Pittsburgh","ACC",11,"7-4",126.3,105.0,0.8932,55.2,54.1,12.6,13.5,29.7,29.0,36.6,25.7,56.6,50.1,35.4,40.2,41.4,39.2,69.1,+1.1
40,"Ohio St. vs. 17 Virginia","B10",14,"8-6",125.8,104.8,0.8918,54.1,51.5,15.1,15.2,32.7,34.6,34.2,35.7,56.1,53.3,34.0,32.6,41.5,66.3,+1.3
41,"Texas (A) 49 Missouri","SEC",11,"6-5",127.3,106.3,0.8882,55.5,51.6,16.3,13.0,36.8,30.6,43.2,43.3,57.3,51.4,35.0,34.7,38.0,37.9,65.8,+0.7
42,"BYU (H) 97 Colorado","B12",11,"6-5",127.0,106.6,0.8817,53.4,53.5,15.3,13.3,36.7,28.9,35.9,35.2,55.5,53.2,33.6,36.1,40.1,35.4,70.5,+0.8
43,"Kentucky (A) 4 Florida","SEC",11,"8-3",120.7,102.1,0.8733,52.1,50.8,14.6,14.9,33.2,32.8,44.5,37.4,51.3,51.1,35.6,33.5,36.9,38.0,67.1,+2.8
44,"Missouri (H) 42 Texas","SEC",11,"7-4",119.5,101.4,0.8690,52.5,49.8,17.2,14.0,34.5,31.4,44.5,38.5,54.6,47.2,32.6,35.3,37.2,44.8,66.5,+1.7
45,"Washington (H) 51 Minnesota","B10",14,"4-10",120.4,103.5,0.8507,51.4,53.0,16.5,12.4,34.4,29.5,24.1,33.3,53.0,53.2,32.3,35.1,35.6,36.7,66.6,-1.7
46,"Virginia Tech (H) 81 Florida St.","ACC",12,"6-6",116.4,100.1,0.8495,49.8,50.9,17.0,17.1,31.4,32.5,39.4,26.6,49.3,54.4,33.7,30.3,42.4,38.6,67.8,+0.22
47,"Grand Canyon (A) 228 San Jose St.","MWC",13,"8-5",109.8,94.7,0.8461,50.5,45.0,17.5,17.5,28.7,28.8,40.0,40.7,54.1,45.0,30.2,30.1,41.3,37.7,68.9,-0.44
48,"Georgia (A) 58 Oklahoma","SEC",11,"5-6",119.5,103.1,0.8454,49.6,51.9,14.3,17.3,32.8,40.9,33.3,30.4,50.8,54.0,31.9,32.2,41.6,37.7,70.7,+0.15
49,"Miami FL (A) 27 N.C. State","ACC",11,"8-3",118.5,102.3,0.8442,53.9,53.0,16.2,16.1,32.7,22.2,42.9,28.2,57.8,51.8,30.3,36.7,31.6,38.0,68.5,+0.9
50,"Minnesota (A) 46 Washington","B10",13,"4-9",117.8,101.8,0.8429,52.9,53.2,15.4,15.2,23.3,32.2,36.2,29.6,55.6,54.7,33.4,34.2,49.3,44.6,63.9,-1.7
51,"Nevada (A) 37 San Diego St.","MWC",13,"9-4",119.9,103.6,0.8422,52.1,50.2,13.8,16.5,30.2,27.7,42.3,38.6,47.9,50.6,40.0,33.1,34.3,43.7,65.2,+0.11
52,"USC","B10",14,"7-7",113.1,98.2,0.8353,48.7,50.3,18.1,15.6,33.8,30.7,42.6,35.5,51.7,53.4,28.5,30.6,41.5,70.9,+0.38
53,"Baylor vs. 14 Louisville","B12",12,"3-9",118.4,103.5,0.8241,51.5,51.9,18.3,14.3,32.9,33.8,33.6,32.2,50.9,51.8,34.9,34.7,42.5,67.3,-1.9
54,"UCF (H) 57 West Virginia","B12",11,"6-5",120.8,105.7,0.8237,51.0,56.9,15.4,14.5,30.0,26.0,28.5,33.6,50.5,58.9,34.6,35.7,36.3,68.9,+1.5
55,"Oklahoma (H) 43 Georgia","SEC",11,"2-9",121.2,106.5,0.8157,51.0,54.1,15.7,13.6,30.5,34.4,35.1,39.6,50.4,56.7,34.5,33.3,42.2,68.0,-2.8
56,"TCU (A) 75 Oklahoma St.","B12",11,"5-6",113.3,99.9,0.8096,49.5,53.0,16.7,17.3,32.0,32.6,40.6,33.2,50.2,53.2,32.2,35.0,35.7,69.4,-0.02
57,"Florida St. (A) 52 Virginia Tech","ACC",11,"4-7",115.2,101.6,0.8087,48.6,53.6,14.9,15.6,28.4,32.4,34.3,27.6,51.2,54.8,30.5,34.9,47.3,69.8,-1.4
58,"Providence (H) 20 St. John's","BE",14,"4-10",125.8,111.2,0.8045,54.9,53.2,17.0,11.6,34.5,32.1,41.3,36.6,56.1,52.1,35.5,36.6,40.8,71.6,-3.4
59,"Tulsa (A) 94 Wichita St.","Amer",12,"8-4",122.1,108.1,0.8018,57.3,48.8,16.4,14.0,32.3,30.4,39.2,31.5,56.2,48.8,39.2,32.7,41.7,68.2,-1.3
60,"Georgetown (A) 7 Connecticut","BE",13,"5-8",115.2,102.1,0.8004,48.6,49.9,17.0,15.1,34.5,33.3,37.5,30.7,46.5,49.7,35.2,33.0,41.5,66.0,-2.4
61,"Akron","MAC",12,"11-1",115.8,102.7,0.8001,56.6,49.1,17.1,19.1,33.7,30.1,27.2,33.4,59.3,49.5,35.7,32.3,47.7,70.6,+0.6
62,"Syracuse (H) 36 SMU","ACC",12,"5-7",117.3,104.8,0.7855,54.3,52.1,16.9,16.2,27.5,31.8,34.3,36.8,54.7,54.2,35.6,32.2,35.9,69.4,-2.0
63,"VCU (A) 153 Richmond","A10",12,"10-2",119.6,106.9,0.7845,53.8,51.0,14.5,16.1,31.2,28.4,46.9,33.0,54.6,51.6,35.1,33.2,41.7,69.5,+0.8
64,"Stephen F. Austin (A) 127 UT Rio Grande Valley","Slnd",16,"15-1",112.1,100.3,0.7815,51.8,46.5,14.5,17.2,34.5,28.2,34.0,27.3,49.8,47.2,36.5,30.1,39.8,67.1,+0.8
65,"Creighton (H) 33 Villanova","BE",14,"7-7",119.1,106.7,0.7815,55.5,52.5,16.3,14.1,25.4,31.1,27.9,27.4,56.6,50.9,36.3,37.2,49.4,67.6,-1.1
66,"West Virginia (A) 50 UCF","B12",11,"6-5",110.0,98.6,0.7793,50.3,51.9,19.0,14.9,27.0,27.2,30.3,24.2,51.9,49.1,32.1,36.8,43.9,62.1,+1.2
67,"Arizona St.","B12",12,"4-8",118.1,105.9,0.7781,49.5,55.0,16.5,18.1,32.5,37.0,36.6,33.8,50.1,54.3,32.3,37.6,38.0,70.4,-2.0
68,"South Florida","Amer",12,"9-3",117.0,105.0,0.7750,52.2,48.1,16.2,15.6,37.1,31.1,44.2,37.6,53.5,45.2,33.8,35.1,45.7,71.8,-0.29
69,"Mississippi (H) 90 Mississippi St.","SEC",11,"3-8",115.2,104.0,0.7633,48.1,51.5,11.9,13.9,27.4,36.3,29.5,48.6,46.7,54.0,33.6,46.7,66.0,-1.4
70,"George Washington","A10",13,"6-7",118.7,107.2,0.7625,54.3,52.1,18.1,17.3,36.9,30.9,26.7,32.6,54.9,52.9,35.8,34.1,50.4,69.0,-3.9
71,"Wake Forest (H) 69 Stanford","ACC",11,"3-8",117.1,105.9,0.7611,52.9,54.5,14.8,17.5,24.5,35.3,28.6,37.8,53.0,54.8,35.2,36.1,46.6,68.0,-2.3
72,"Marquette (A) 95 Xavier","BE",14,"4-10",113.1,102.4,0.7583,51.6,51.2,16.4,18.0,27.8,37.2,30.4,32.1,52.3,52.3,33.6,33.0,41.1,69.3,-3.9
73,"Liberty (A) 263 UTEP","CUSA",13,"13-0",119.9,108.8,0.7529,60.4,51.7,12.8,17.7,19.2,32.2,34.7,23.0,61.0,49.2,39.8,37.0,46.2,65.5,+1.8
74,"Boise St.","MWC",14,"7-7",119.6,108.7,0.7503,53.6,55.4,16.2,14.6,30.8,25.0,46.7,34.6,55.2,53.1,34.4,39.5,45.0,66.2,-1.9
75,"California (A) 136 Boston College","ACC",12,"5-7",114.3,104.1,0.7474,49.1,52.3,15.3,13.0,22.9,31.3,38.5,41.2,46.0,58.3,35.6,30.0,45.5,68.3,-0.8
76,"Mississippi St. (A) 79 Mississippi","SEC",11,"3-8",109.5,99.8,0.7450,47.5,50.6,16.4,11.3,31.5,29.1,31.5,34.5,51.2,54.1,27.5,29.6,35.9,69.9,-1.9
77,"Stanford (A) 65 Wake Forest","ACC",12,"5-7",113.5,103.6,0.7409,49.1,51.0,15.7,16.2,30.1,33.8,27.0,40.2,48.3,52.6,33.3,32.0,46.7,65.7,-1.3
78,"Belmont","MVC",16,"13-3",123.2,112.4,0.7408,60.9,52.5,18.1,17.0,29.9,31.7,35.8,31.7,60.2,48.8,41.2,37.7,45.0,69.0,+0.04
79,"Seton Hall","BE",14,"7-7",106.1,96.9,0.7389,45.1,49.6,16.8,21.2,37.5,31.5,35.9,35.9,42.6,45.7,49.9,28.9,45.1,66.2,-0.9
80,"Northwestern (A) 12 Nebraska","B10",14,"2-12",115.8,105.9,0.7371,48.1,54.1,12.3,14.2,25.9,34.3,29.4,38.7,49.3,54.6,30.5,35.5,38.5,66.4,-3.8
81,"Saint Joseph's","A10",12,"7-5",109.8,100.5,0.7361,51.3,48.9,17.9,15.2,30.9,32.2,28.1,22.7,51.9,47.5,33.7,33.9,46.3,67.4,-2.0
82,"DePaul","BE",14,"5-9",109.3,100.1,0.7325,49.2,51.0,18.4,16.1,30.4,30.9,28.6,38.4,50.0,47.1,32.0,38.6,35.9,66.1,-2.3
83,"Miami OH","MAC",12,"12-0",118.4,108.5,0.7325,60.4,51.8,15.4,17.6,26.2,28.2,42.8,31.3,64.6,54.0,37.0,32.0,45.8,71.0,+1.5
84,"Hawaii (A) 164 Cal St. Northridge","BW",13,"10-3",109.0,100.1,0.7276,53.6,45.6,19.1,16.8,31.5,27.4,37.4,32.5,54.9,48.7,34.5,25.3,41.6,70.0,-1.1
85,"Oklahoma St. (H) 54 TCU","B12",11,"4-7",112.5,103.5,0.7240,49.9,54.2,16.1,16.8,27.2,33.8,36.8,32.4,48.1,54.4,35.2,36.0,39.4,71.5,-1.0
86,"Illinois Chicago","MVC",15,"9-6",110.0,101.3,0.7213,48.8,50.2,16.5,20.7,35.2,30.7,34.8,34.8,49.4,51.0,31.7,32.9,45.8,65.6,-2.4
87,"Davidson","A10",11,"6-5",113.7,104.9,0.7181,53.4,52.2,15.4,18.1,30.7,33.8,26.6,34.2,52.0,54.4,36.7,32.8,44.8,62.9,-2.4
88,"Pacific (H) 34 Saint Mary's","WCC",14,"8-6",112.1,103.5,0.7144,53.6,49.7,19.9,16.0,36.6,22.1,30.7,35.4,50.8,47.6,39.1,35.0,43.8,65.4,-3.0
89,"Wichita St. (H) 62 Tulsa","Amer",12,"7-5",110.2,102.0,0.7071,48.6,48.5,15.8,16.9,37.8,30.9,34.9,36.9,47.5,50.2,33.8,29.9,32.3,67.8,-2.2
90,"McNeese St. (A) 278 East Texas A&M","Slnd",16,"13-3",114.2,106.1,0.7002,53.6,49.4,15.6,24.3,37.5,33.6,38.1,39.8,55.6,46.8,33.1,34.9,46.5,66.6,-1.0
91,"Colorado (A) 29 BYU","B12",12,"4-8",114.9,106.9,0.6978,50.2,53.5,14.9,15.0,27.8,32.8,32.2,36.7,50.2,53.4,33.5,35.7,39.1,68.0,-1.7
92,"Northern Iowa","MVC",15,"8-7",105.5,98.3,0.6909,51.9,48.9,15.6,15.6,23.3,22.7,24.5,28.4,54.9,53.6,31.4,28.2,41.1,62.5,-3.7
93,"Yale (A) 167 Harvard","Ivy",9,"7-2",116.2,108.4,0.6904,57.5,49.2,13.5,16.9,29.9,25.9,30.3,27.3,55.0,50.2,41.1,32.1,46.3,65.9,-1.1
94,"Illinois St.","MVC",15,"9-6",108.9,101.9,0.6828,53.4,48.7,16.4,17.0,27.6,21.9,29.9,36.4,54.1,46.8,34.9,34.9,41.1,67.8,-3.4
95,"UC Irvine (H) 195 Cal St. Fullerton","BW",13,"9-4",105.7,99.0,0.6778,50.2,43.9,17.5,17.6,32.4,30.9,34.8,28.4,48.7,40.4,36.2,33.1,37.6,69.4,-1.8
96,"Notre Dame (H) 146 Georgia Tech","ACC",12,"2-10",113.9,106.7,0.6777,49.6,52.8,16.3,12.3,30.4,29.1,33.8,33.9,49.5,57.8,33.2,31.7,49.0,66.0,-3.8
97,"Butler","BE",14,"4-10",116.8,109.6,0.6761,48.4,55.8,15.5,14.7,33.2,34.7,41.5,26.7,49.2,57.4,31.4,35.7,36.2,67.6,-3.4
98,"UC Santa Barbara (A) 244 Cal Poly","BW",14,"10-4",118.8,111.5,0.6740,58.2,54.1,18.6,18.3,32.9,25.2,38.5,41.8,57.6,54.6,39.3,35.5,45.0,65.4,-2.2
99,"Memphis (A) 30 Utah St.","Amer",12,"7-5",104.6,98.4,0.6698,50.6,46.4,20.0,21.2,33.1,33.5,32.3,40.2,51.7,51.7,32.4,26.6,44.5,71.3,-2.4
100,"Duquesne (A) 171 St. Bonaventure","A10",11,"6-5",113.4,106.7,0.6691,52.0,52.1,16.1,17.0,29.5,29.6,40.0,37.3,50.6,53.0,35.8,33.9,45.4,68.9,-2.3
101,"Cal Baptist (A) 168 Utah Tech","WAC",12,"9-3",106.6,100.3,0.6669,48.2,44.7,18.9,15.6,36.5,26.6,39.4,36.6,47.8,46.3,32.8,27.4,30.8,65.2,-1.2
102,"Wright St.","Horz",15,"11-4",115.0,108.2,0.6666,54.6,52.6,15.9,16.3,34.6,29.9,43.0,31.7,56.6,52.7,33.8,34.8,33.7,67.6,-2.3
103,"UNLV","MWC",14,"8-6",116.3,109.5,0.6664,53.8,53.5,17.6,16.9,31.3,29.3,39.6,47.0,52.4,49.7,37.5,40.4,36.1,69.2,-1.4
104,"LSU (A) 16 Tennessee","SEC",11,"2-9",113.8,107.2,0.6662,48.4,54.1,17.1,14.6,33.4,35.0,37.7,40.9,50.0,52.7,30.3,37.5,38.4,66.1,-3.3
105,"Hofstra (A) 133 UNC Wilmington","CAA",13,"8-5",114.0,107.5,0.6626,50.4,46.4,15.6,13.1,36.2,29.5,30.8,34.6,45.6,43.8,37.5,33.4,45.1,65.2,-3.4
106,"Florida Atlantic","Amer",12,"6-6",109.7,103.7,0.6567,52.4,48.3,18.8,15.7,33.6,27.5,34.6,38.3,56.0,47.3,31.1,33.3,39.2,72.7,-3.4
107,"Utah","B12",11,"1-10",114.0,107.9,0.6544,49.9,54.9,15.5,12.9,27.3,34.5,27.7,28.4,49.2,56.4,34.2,34.7,35.0,66.7,-3.9
108,"Xavier (H) 85 Marquette","BE",13,"4-9",112.5,106.4,0.6539,51.1,54.9,15.6,15.4,24.3,31.4,35.9,30.0,50.3,54.7,35.0,36.8,37.3,72.3,-2.9
109,"South Carolina (A) 19 Alabama","SEC",11,"2-9",111.5,105.5,0.6536,46.9,54.5,13.9,14.6,25.4,36.0,36.3,35.4,47.7,57.2,30.4,33.6,38.9,67.0,-2.9
110,"Boston College (H) 70 California","ACC",11,"2-9",102.9,97.6,0.6485,46.6,50.8,16.0,15.5,22.6,28.9,28.8,35.8,47.8,51.9,29.9,32.6,36.3,66.3,-3.7
111,"Merrimack","MAAC",15,"13-2",110.2,104.5,0.6473,54.4,44.3,15.3,19.8,25.0,38.7,43.8,33.5,55.0,44.7,35.7,28.9,43.8,64.4,-0.8
112,"High Point (A) 362 Gardner Webb","BSth",12,"11-1",113.0,107.3,0.6451,53.4,51.8,11.9,24.2,30.8,30.8,44.6,32.8,56.3,53.5,32.8,33.0,43.4,69.7,-0.04
113,"Washington St.","WCC",14,"6-8",117.0,111.1,0.6444,55.9,52.9,19.5,14.1,31.3,29.6,33.0,32.9,54.9,51.8,38.0,36.5,46.1,68.7,-3.6
114,"Oregon (H) 119 Penn St.","B10",13,"1-12",111.8,106.4,0.6384,47.3,54.6,17.6,15.3,30.2,35.0,34.3,36.6,48.9,53.4,30.2,37.6,42.7,64.5,-4.5
115,"Utah Valley","WAC",12,"8-4",112.9,107.7,0.6342,55.2,51.9,20.7,22.4,35.3,31.7,39.3,41.4,58.3,48.7,32.6,39.3,32.6,70.1,-2.3
116,"Seattle","WCC",13,"4-9",99.8,95.3,0.6306,45.2,48.4,16.5,19.9,22.8,33.3,29.1,33.3,44.2,48.3,31.1,32.4,36.6,68.2,-4.5
117,"North Dakota St. (A) 270 North Dakota","Sum",11,"10-1",115.6,110.4,0.6303,56.6,54.9,14.4,18.6,34.1,26.0,27.2,25.1,55.4,55.6,38.9,36.0,48.1,64.5,-0.18
118,"Penn St. (A) 83 Oregon","B10",14,"2-12",116.5,111.3,0.6264,50.6,60.8,15.6,15.7,25.0,33.3,29.8,29.8,54.2,60.5,30.2,40.8,44.2,68.2,-3.5
119,"Fresno St. (H) 335 Air Force","MWC",13,"5-8",104.6,100.1,0.6258,48.2,50.7,18.9,18.1,26.9,30.1,37.2,30.9,47.9,55.5,32.5,29.8,42.1,69.5,-3.3
120,"Maryland","B10",13,"3-10",114.3,109.4,0.6254,49.0,58.8,18.3,12.6,32.4,30.3,35.0,38.5,50.1,58.0,31.8,39.9,47.5,66.3,-2.3
121,"Murray St.","MVC",16,"11-5",117.7,112.8,0.6187,52.8,52.7,16.0,15.1,31.3,30.6,37.6,34.0,56.2,51.6,32.2,37.1,42.7,72.0,-1.8
122,"Pittsburgh (A) 28 North Carolina","ACC",12,"2-10",110.9,106.5,0.6130,47.2,57.6,17.0,16.8,33.0,29.0,27.5,32.7,50.0,59.1,29.1,37.0,44.6,64.2,-3.9
123,"Portland St. (A) 147 Northern Colorado","BSky",12,"11-1",105.3,101.3,0.6103,52.9,46.6,17.1,16.8,32.1,25.2,38.9,45.1,54.4,47.4,33.2,30.3,41.1,67.3,+0.32
124,"Montana (H) 137 Montana St.","BSky",12,"8-4",107.8,103.7,0.6089,58.0,49.6,19.7,16.2,21.8,27.4,35.6,33.8,59.2,48.5,37.5,34.0,39.4,69.1,-2.5
125,"Sam Houston St. (A) 176 Kennesaw St.","CUSA",13,"8-5",111.4,107.4,0.6042,52.9,49.6,17.3,16.1,33.1,29.8,33.5,33.5,50.8,49.6,37.6,33.1,39.4,71.3,-3.1
126,"Missouri St. (H) 264 Delaware","CUSA",13,"7-6",110.9,106.9,0.6031,51.9,51.6,18.2,19.1,35.7,31.2,45.0,40.1,51.6,52.0,34.9,33.9,41.1,67.3,-4.0
127,"Rutgers","B10",13,"2-11",114.7,110.6,0.6025,47.3,57.3,14.1,14.6,29.3,35.0,33.0,34.1,46.5,55.4,32.5,39.9,41.4,66.1,-3.0
128,"Southern Illinois","MVC",15,"6-9",101.4,97.8,0.6008,48.3,48.9,17.1,19.3,28.6,26.9,32.9,35.6,50.6,52.2,28.6,29.2,39.6,69.7,-5.6
129,"Harvard (H) 93 Yale","Ivy",9,"7-2",110.9,107.1,0.5988,54.0,48.9,15.8,16.6,27.7,30.1,33.4,33.0,53.0,51.0,36.9,30.4,42.9,61.8,-0.9
130,"UT Rio Grande Valley (H) 74 Stephen F. Austin","Slnd",16,"10-6",110.1,106.5,0.5963,55.2,48.0,18.5,17.2,30.8,31.2,31.2,38.1,55.6,48.1,36.5,31.8,44.1,67.6,-4.0
131,"Wyoming (A) 104 Colorado St.","MWC",13,"4-9",111.8,108.2,0.5920,48.1,54.9,18.3,15.4,32.9,27.8,41.5,60.4,56.4,50.4,30.4,34.9,46.6,65.7,-4.2
132,"Valparaiso","MVC",15,"7-8",107.9,104.8,0.5836,47.6,51.5,15.8,16.1,30.8,27.9,39.2,34.6,45.5,53.2,34.5,32.4,36.5,65.5,-4.3
133,"Kansas St. (A) 2 Houston","B12",11,"1-10",110.5,107.5,0.5773,49.2,54.5,16.8,16.3,27.2,38.9,18.3,37.3,49.1,55.1,32.8,35.5,42.5,70.8,-4.3
134,"Utah Tech (H) 111 Cal Baptist","WAC",12,"8-4",112.7,109.7,0.5771,54.3,48.6,17.5,17.7,31.2,35.4,29.7,33.6,52.0,53.0,39.0,26.1,35.1,67.6,-1.9
135,"Bowling Green (H) 163 Toledo","MAC",12,"6-6",107.3,104.5,0.5728,53.2,52.0,17.4,17.7,28.5,26.0,35.8,34.2,53.3,54.1,35.3,32.8,42.8,68.7,-4.3
136,"Appalachian St. (A) 231 James Madison","SB",14,"10-4",105.6,103.0,0.5714,50.8,45.2,14.9,14.0,31.7,24.9,34.8,28.5,53.1,43.1,32.1,32.1,47.1,63.5,-2.6
137,"UNC Wilmington (H) 106 Hofstra","CAA",12,"10-2",109.1,106.5,0.5699,51.2,48.7,14.4,14.1,29.9,25.2,42.6,32.2,49.4,54.0,36.0,27.4,41.1,65.8,-0.6
138,"Montana St. (A) 143 Montana","BSky",12,"8-4",110.0,107.4,0.5695,53.3,51.7,14.7,16.1,28.7,29.3,33.5,21.5,50.0,49.5,38.5,37.5,42.4,67.1,-2.5
139,"Cornell (A) 175 Penn","Ivy",9,"5-4",123.0,120.1,0.5669,58.6,57.7,14.8,15.8,31.8,29.0,30.7,34.9,60.6,55.0,37.7,41.2,49.6,71.1,-2.7
140,"Jacksonville St. (H) 174 New Mexico St.","CUSA",13,"8-5",108.5,106.0,0.5666,52.1,48.4,19.5,16.5,31.0,30.6,50.8,33.5,50.4,49.4,36.8,31.4,44.0,65.4,-3.1
141,"Austin Peay (H) 295 Bellarmine","ASun",13,"12-1",110.5,108.0,0.5644,55.9,51.2,14.1,18.7,29.0,30.2,44.6,30.2,55.1,52.7,38.3,32.6,39.0,69.9,-0.10
142,"Georgia Tech (A) 89 Notre Dame","ACC",12,"2-10",109.3,107.2,0.5576,49.7,51.8,17.5,13.7,28.2,31.1,32.0,38.2,46.0,50.7,38.6,30.7,44.1,71.8,-4.4
143,"Troy (A) 241 Southern Miss","SB",13,"9-4",112.0,109.9,0.5550,51.9,50.8,15.3,18.2,35.0,30.7,31.5,32.4,52.3,52.4,34.3,32.3,46.2,65.7,-2.7
144,"Colorado St. (H) 100 Wyoming","MWC",13,"5-8",111.4,109.3,0.5528,52.1,54.7,20.0,16.4,31.0,28.6,38.1,37.7,52.4,53.4,34.6,37.6,48.8,63.4,-3.4
145,"St. Thomas (A) 350 UMKC","Sum",12,"9-3",115.0,113.1,0.5470,61.9,51.1,14.1,16.1,23.8,29.4,40.6,32.8,63.9,53.1,39.8,32.1,47.4,70.0,-1.9
146,"North Texas","Amer",12,"5-7",102.3,100.6,0.5456,44.9,49.1,17.4,23.4,36.5,34.8,37.8,44.6,47.3,51.0,26.0,30.6,36.1,66.5,-4.4
147,"Portland","WCC",14,"5-9",107.8,106.3,0.5397,48.2,52.4,17.7,17.2,30.0,34.2,34.6,36.6,51.2,50.0,28.8,37.0,43.5,67.6,-4.7
148,"William & Mary (H) 225 Elon","CAA",13,"7-6",112.4,110.9,0.5380,54.5,53.2,15.0,18.1,27.1,30.7,37.6,32.9,55.4,52.6,35.5,36.0,42.3,72.3,-4.3
149,"George Mason","A10",13,"9-4",107.6,106.2,0.5379,52.1,49.5,16.2,15.4,28.2,29.7,40.7,29.7,55.0,51.3,31.0,31.4,43.4,64.1,-1.3
150,"Navy (A) 213 Colgate","Pat",13,"12-1",105.1,104.0,0.5300,55.9,46.5,17.1,17.7,32.1,25.0,36.4,20.1,56.5,52.1,36.4,27.3,50.0,65.2,-0.39
151,"Rhode Island (H) 181 Fordham","A10",11,"5-6",105.8,104.9,0.5249,49.8,54.9,18.6,20.9,30.1,28.1,41.6,59.0,52.7,53.1,30.7,38.2,43.5,65.6,-3.2
152,"East Tennessee St. (H) 245 Samford","SC",13,"11-2",108.6,107.7,0.5247,54.9,50.7,13.1,19.1,29.0,25.1,37.7,30.0,56.2,52.0,34.9,32.9,48.5,66.6,-1.2
153,"Cal St. Northridge (H) 84 Hawaii","BW",13,"8-5",109.4,108.5,0.5238,53.4,51.2,17.1,17.1,32.7,26.9,36.2,33.8,53.8,49.9,35.0,35.0,47.9,74.0,-2.9
154,"Temple","Amer",11,"7-4",108.3,107.5,0.5213,47.0,48.7,14.2,17.5,34.0,32.1,40.4,41.4,47.7,51.9,30.5,28.1,33.1,65.1,-2.3
155,"Bradley","MVC",15,"10-5",111.1,110.3,0.5212,49.9,53.5,12.7,17.2,27.5,27.6,35.3,35.4,45.8,53.3,37.7,35.8,38.9,68.2,-1.9
156,"Loyola Marymount (A) 273 Pepperdine","WCC",14,"4-10",107.0,106.2,0.5210,49.9,50.8,17.6,14.5,23.6,32.5,31.3,33.0,51.0,49.3,32.2,35.6,38.8,68.7,-5.4
157,"San Francisco","WCC",14,"6-8",110.8,110.0,0.5199,48.1,52.2,15.2,13.1,30.9,25.2,36.7,28.2,47.0,51.2,33.0,36.1,44.0,66.8,-3.7
158,"Kent St. (A) 310 Ball St.","MAC",12,"9-3",110.4,109.6,0.5189,49.7,50.5,18.8,15.0,39.0,30.0,43.1,36.0,50.6,51.4,32.4,32.7,42.6,69.5,-1.1
159,"UAB","Amer",12,"7-5",107.1,106.4,0.5182,46.3,50.8,11.8,16.5,29.8,30.7,38.1,29.5,47.1,51.5,29.4,33.2,40.4,70.6,-2.3
160,"Tulane","Amer",11,"5-6",106.8,106.3,0.5130,50.9,48.1,16.6,18.1,21.5,36.3,44.6,41.0,49.4,49.8,35.2,30.1,45.3,69.1,-4.0
161,"Campbell","CAA",12,"6-6",114.4,113.9,0.5129,53.2,56.5,15.8,18.2,31.2,30.7,42.9,38.9,53.2,56.2,35.5,38.1,28.1,70.6,-4.2
162,"San Diego","WCC",14,"5-9",108.9,108.6,0.5088,51.3,53.8,16.7,19.2,27.2,34.7,25.1,35.9,50.7,59.7,34.8,30.7,43.5,70.1,-4.6
163,"Eastern Washington (H) 192 Weber St.","BSky",12,"6-6",111.1,110.8,0.5059,51.8,51.4,17.1,16.4,33.0,31.7,36.5,40.5,49.1,53.5,38.3,32.2,39.3,67.5,-4.2
164,"Toledo (A) 141 Bowling Green","MAC",12,"7-5",112.4,112.2,0.5057,53.9,52.9,15.2,17.8,30.6,36.0,36.5,29.0,53.2,53.1,37.1,35.0,40.0,68.5,-3.3
165,"Fordham (A) 139 Rhode Island","A10",12,"4-8",104.3,104.4,0.4978,46.2,52.2,17.4,16.6,36.5,28.3,23.5,33.8,49.5,50.6,27.2,36.5,38.8,64.2,-4.6
166,"Texas A&M Corpus Chris (H) 211 Lamar","Slnd",16,"9-7",102.7,102.8,0.4964,50.2,49.9,19.5,21.0,32.9,28.8,48.0,46.6,49.6,51.7,34.6,31.0,34.9,66.7,-4.9
167,"Dayton","A10",11,"6-5",104.4,104.6,0.4955,49.0,51.6,18.0,21.3,26.3,34.0,46.4,38.5,48.5,52.6,33.2,33.6,44.2,68.8,-2.2
168,"UC San Diego (H) 277 UC Riverside","BW",14,"7-7",101.8,102.0,0.4939,49.6,47.9,18.1,16.1,25.7,26.4,31.7,32.3,51.7,47.4,31.1,32.4,42.9,68.0,-4.9
169,"Oakland","Horz",15,"10-5",113.5,113.7,0.4938,53.7,52.1,14.7,15.5,34.4,34.3,44.2,31.1,55.0,55.2,34.2,32.0,43.4,70.9,-3.2
170,"Marshall (A) 266 Georgia Southern","SB",12,"8-4",111.0,111.3,0.4925,54.7,48.2,15.9,17.8,32.6,33.0,29.9,40.1,52.4,48.9,38.4,31.5,43.6,69.5,-2.6
171,"Charlotte","Amer",11,"7-4",113.1,113.5,0.4906,54.6,50.3,18.8,13.2,33.4,33.8,40.4,37.8,55.5,50.8,35.7,33.1,43.1,64.8,-1.9
172,"Northern Colorado (H) 142 Portland St.","BSky",13,"6-7",110.6,110.9,0.4905,55.4,50.3,16.2,12.7,29.5,24.4,23.1,42.6,56.9,51.4,35.6,32.4,42.6,69.7,-5.3
173,"Green Bay","Horz",16,"10-6",113.3,113.8,0.4889,56.8,53.3,17.2,14.2,28.1,29.6,43.3,35.3,56.1,52.2,38.7,36.3,46.6,64.0,-4.2
174,"UC Davis (H) 230 Long Beach St.","BW",14,"8-6",106.4,106.9,0.4868,50.9,53.0,17.6,19.8,27.3,27.8,41.2,39.7,46.7,54.2,37.8,34.2,42.3,69.4,-3.9
175,"Monmouth","CAA",12,"7-5",103.3,103.8,0.4859,49.1,48.0,16.4,21.0,30.9,33.4,33.3,33.4,47.8,47.7,34.3,32.3,40.9,67.5,-3.4
176,"Middle Tennessee (A) 197 Western Kentucky","CUSA",13,"6-7",108.7,109.3,0.4840,52.4,50.8,16.8,15.2,29.2,27.2,36.9,37.1,51.3,48.9,35.8,36.2,48.3,65.2,-5.3
177,"Arkansas St. (H) 193 South Alabama","SB",13,"7-6",110.6,111.2,0.4832,51.9,51.5,19.2,15.3,39.3,24.9,36.9,35.9,52.0,52.8,34.5,33.0,45.0,71.5,-4.5
178,"Richmond (H) 60 VCU","A10",12,"4-8",113.1,113.8,0.4824,52.0,53.2,13.8,16.0,25.2,35.6,31.8,35.6,47.3,53.6,39.4,35.1,40.6,67.0,-4.7
179,"Winthrop","BSth",12,"11-1",109.5,110.2,0.4821,50.4,49.0,15.1,16.9,34.6,27.8,48.9,39.0,50.1,50.1,33.8,29.4,45.0,69.8,-0.13
180,"Oregon St.","WCC",14,"7-7",110.1,111.1,0.4753,49.0,52.1,16.6,14.7,25.5,32.2,46.1,37.2,44.1,53.2,37.2,33.6,41.3,65.3,-2.9
181,"Buffalo","MAC",12,"5-7",113.4,114.6,0.4713,56.5,54.9,16.3,17.2,28.1,31.1,36.4,28.7,55.5,58.3,38.5,33.6,43.9,67.2,-5.2
182,"Kennesaw St. (H) 112 Sam Houston St.","CUSA",13,"6-7",109.1,110.2,0.4710,48.4,49.3,16.0,15.4,35.6,31.6,41.8,43.7,47.6,46.9,32.8,35.5,46.4,71.5,-4.9
183,"Central Arkansas (H) 316 West Georgia","ASun",13,"11-2",110.0,111.2,0.4704,56.7,56.4,13.4,20.2,30.5,25.6,32.9,31.2,57.6,55.7,37.1,38.0,56.0,68.1,-1.2
184,"Drexel","CAA",13,"7-6",101.6,102.8,0.4650,51.6,45.1,18.4,16.0,27.8,32.8,28.8,33.4,51.0,46.3,35.0,28.5,39.7,64.2,-4.3
185,"Bethune Cookman (A) 339 Alcorn St.","SWAC",11,"10-1",102.5,103.7,0.4650,53.1,42.7,19.2,16.2,33.3,25.9,49.0,36.2,54.7,44.7,33.0,25.8,32.9,70.0,-0.6
186,"UT Arlington (H) 271 Southern Utah","WAC",12,"6-6",105.2,106.5,0.4639,48.9,48.8,20.5,16.9,35.4,29.9,44.6,42.1,50.1,49.9,30.9,30.8,31.7,66.1,-4.0
187,"Youngstown St.","Horz",15,"6-9",109.1,110.6,0.4628,54.4,53.7,19.1,17.3,35.7,29.9,30.6,39.2,58.2,52.0,33.8,37.9,50.7,66.9,-7.2
188,"Penn (H) 152 Cornell","Ivy",9,"5-4",106.6,108.0,0.4615,50.3,53.9,14.6,18.4,31.3,29.2,36.1,27.0,46.8,53.4,38.2,36.5,39.5,68.0,-2.8
189,"Cal St. Fullerton (A) 115 UC Irvine","BW",14,"8-6",104.4,105.9,0.4597,50.7,54.2,15.5,22.6,24.4,29.1,42.0,51.0,50.3,57.6,34.1,33.7,49.3,72.9,-3.8
190,"Rice (H) 282 East Carolina","Amer",12,"5-7",112.3,113.9,0.4585,49.9,50.8,17.6,14.8,37.4,36.2,32.6,41.6,48.6,50.7,34.3,34.0,44.6,65.4,-4.5
191,"Siena","MAAC",15,"10-5",110.3,111.9,0.4571,53.9,49.2,14.6,16.0,32.4,29.0,27.3,25.3,55.1,47.8,34.4,34.0,44.1,64.9,-4.1
192,"Queens (H) 208 Lipscomb","ASun",13,"9-4",113.6,115.3,0.4564,57.2,53.7,13.0,15.8,32.2,27.7,35.8,43.5,60.2,53.1,35.9,36.5,47.4,70.1,-3.2
193,"Denver","Sum",12,"6-6",115.8,117.6,0.4558,55.0,51.3,12.9,11.1,30.3,30.2,31.2,35.3,53.6,54.4,38.2,30.7,39.0,68.8,-4.7
194,"Charleston","CAA",13,"9-4",104.8,106.5,0.4541,51.3,46.9,16.9,13.4,28.5,31.1,41.0,25.9,54.4,48.4,30.5,30.0,43.6,70.5,-2.4
195,"New Mexico St. (A) 183 Jacksonville St.","CUSA",14,"4-10",111.4,113.2,0.4541,51.1,50.1,14.9,14.0,31.7,32.2,29.7,43.5,49.4,50.1,35.8,33.4,41.0,67.7,-7.9
196,"Weber St. (A) 202 Eastern Washington","BSky",13,"7-6",112.1,114.1,0.4506,51.8,56.2,14.0,16.6,31.5,27.1,43.3,36.1,49.7,56.9,37.4,36.9,40.3,69.5,-4.3
197,"Northern Kentucky","Horz",16,"8-8",108.3,110.4,0.4431,53.8,53.5,15.8,18.0,30.7,33.5,37.5,34.3,57.0,51.7,33.3,37.7,45.6,70.1,-6.1
198,"Marist","MAAC",16,"10-6",98.5,100.5,0.4423,49.6,44.7,17.2,19.3,27.5,28.1,26.2,36.7,51.1,46.0,31.0,28.3,35.4,67.1,-4.7
199,"FIU (H) 257 Louisiana Tech","CUSA",13,"4-9",106.2,108.3,0.4422,49.7,52.5,17.2,19.0,32.2,32.4,40.9,34.8,49.6,51.2,33.2,35.9,49.1,72.6,-7.0
200,"La Salle","A10",12,"3-9",105.5,107.6,0.4418,45.3,55.1,15.8,16.8,29.0,31.5,38.2,30.6,46.4,56.0,28.6,36.0,44.1,65.2,-5.6
201,"Mercer (A) 351 The Citadel","SC",13,"8-5",111.1,113.6,0.4371,52.1,52.9,14.9,17.1,37.7,30.0,40.6,70.4,29.8,69.2,46.7,-3.9
202,"Saint Peter's","MAAC",15,"11-4",104.5,107.0,0.4344,46.6,45.2,16.4,19.3,40.4,31.5,39.1,96.3,43.3,327.6,30.4,36.3,89.0,-2.9
203,"Massachusetts","MAC",13,"6-7",110.6,113.2,0.4335,54.2,55.7,17.2,17.2,29.3,26.1,40.6,70.0,48.8,359.0,37.1,36.1,266.0,-5.0
204,"Furman (A) 359 VMI","SC",13,"7-6",104.1,106.6,0.4307,53.9,47.3,17.9,14.1,31.2,29.6,28.9,308.0,29.2,61.0,33.3,46.3,195.0,-5.0
205,"Indiana St.","MVC",15,"3-12",108.2,110.9,0.4304,54.3,52.6,19.0,13.9,25.8,29.8,33.3,224.0,30.6,79.0,33.2,33.8,167.0,-9.0
206,"Detroit Mercy","Horz",15,"8-7",109.3,112.0,0.4301,51.7,50.9,16.4,13.2,35.3,31.2,33.2,228.0,36.9,224.0,40.6,30.3,344.0,-5.2
207,"St. Bonaventure (H) 114 Duquesne","A10",11,"3-8",114.1,117.2,0.4240,53.2,57.3,15.6,17.5,31.0,29.6,27.5,331.0,36.4,209.0,36.8,65.0,342.0,-5.2
208,"Stony Brook","CAA",13,"7-6",105.9,108.8,0.4217,51.9,49.8,16.6,15.6,29.0,31.8,27.8,328.0,30.6,79.0,36.3,48.8,24.0,-4.4
209,"Robert Morris","Horz",16,"9-7",109.5,112.7,0.4187,54.8,53.6,18.2,15.9,37.6,25.9,28.7,312.0,41.8,309.0,38.5,40.7,156.0,-5.1
210,"Quinnipiac","MAAC",16,"11-5",103.1,106.2,0.4164,49.4,47.8,15.5,17.8,34.4,29.7,31.3,270.0,30.3,77.0,35.8,34.0,292.0,-3.7
211,"Long Beach St. (A) 178 UC Davis","BW",13,"4-9",106.2,109.6,0.4108,52.0,50.7,17.6,16.8,24.4,27.7,34.3,198.0,45.0,343.0,33.8,35.3,65.0,-6.9
212,"Radford (H) 255 Charleston Southern","BSth",11,"6-5",108.5,112.0,0.4091,52.9,52.9,17.2,17.8,29.6,30.8,43.2,36.0,54.4,92.0,33.9,188.0,-3.7
213,"Lamar (A) 189 Texas A&M Corpus Chris","Slnd",16,"7-9",106.9,110.5,0.4077,49.9,50.8,17.8,16.1,36.6,27.7,28.6,314.0,43.4,329.0,37.5,36.7,102.0,-6.7
214,"Idaho (H) 252 Idaho St.","BSky",12,"5-7",106.5,110.1,0.4070,51.5,51.5,14.5,16.3,26.1,27.0,34.4,195.0,42.1,312.0,38.3,46.0,54.0,-5.3
215,"South Alabama (A) 140 Arkansas St.","SB",12,"8-4",103.6,107.1,0.4060,51.8,48.7,12.7,19.0,22.6,349.0,30.7,185.0,26.9,54.0,106.0,35.7,257.0,-2.7
216,"Towson","CAA",13,"6-7",101.5,105.0,0.4038,45.1,49.4,15.5,16.1,34.5,27.0,33.1,230.0,34.8,173.0,28.3,356.0,130.0,-5.4
217,"New Orleans (A) 315 Houston Christian","Slnd",16,"9-7",111.6,115.6,0.4024,52.4,48.8,20.5,15.2,36.2,35.2,51.6,2.0,39.3,272.0,33.9,188.0,187.0,-5.0
218,"Wofford (A) 306 UNC Greensboro","SC",13,"9-4",113.6,117.6,0.4010,56.0,54.6,12.6,15.4,27.0,290.0,30.0,163.0,35.2,113.0,14.0,308.0,-2.9
219,"Tarleton St. (A) 248 Abilene Christian","WAC",11,"3-8",102.1,106.0,0.3933,45.9,54.7,18.7,24.3,29.6,210.0,35.3,338.0,40.6,70.0,363.0,286.0,-6.1
220,"Nebraska Omaha","Sum",12,"6-6",108.2,112.5,0.3910,54.4,51.8,15.7,13.6,27.0,290.0,25.6,31.0,35.8,164.0,36.4,55.0,316.0,-4.8
221,"Dartmouth (H) 287 Brown","Ivy",9,"4-5",106.7,111.0,0.3881,52.5,51.9,15.3,12.0,23.1,346.0,28.3,101.0,32.8,241.0,32.3,222.0,-3.6
222,"Eastern Michigan (H) 292 Western Michigan","MAC",12,"3-9",105.2,109.6,0.3839,51.3,50.9,17.4,15.6,29.1,225.0,31.5,264.0,37.4,237.0,31.6,116.0,-7.0
223,"Western Kentucky (H) 149 Middle Tennessee","CUSA",13,"6-7",102.2,106.9,0.3734,43.1,49.6,14.6,18.0,35.2,52.0,33.0,233.0,50.1,362.0,31.5,84.0,-5.0
224,"Tennessee Martin (A) 249 SIU Edwardsville","OVC",15,"11-4",100.5,105.3,0.3697,50.0,43.9,21.3,19.6,40.9,3.0,31.9,240.0,38.1,108.0,32.9,198.0,-3.3
225,"Princeton (H) 207 Columbia","Ivy",9,"4-5",108.0,113.1,0.3693,50.1,50.6,13.2,13.5,29.6,210.0,35.4,340.0,35.4,176.0,25.1,211.0,-3.6
226,"Ohio","MAC",13,"7-6",105.4,110.5,0.3683,51.9,52.3,16.3,17.4,27.7,273.0,31.4,218.0,44.0,335.0,29.9,299.0,184.0,-4.0
227,"Nicholls St. (A) 268 Incarnate Word","Slnd",16,"9-7",106.3,111.4,0.3669,51.3,53.8,17.0,22.4,27.8,268.0,36.5,354.0,36.7,143.0,38.6,55.0,-4.9
228,"UNC Asheville (H) 289 Presbyterian","BSth",11,"6-5",107.0,112.3,0.3657,51.2,51.6,14.4,16.8,32.6,107.0,42.7,43.0,311.0,49.1,276.0,67.0,-3.9
229,"Samford (A) 158 East Tennessee St.","SC",13,"7-6",110.1,115.6,0.3632,55.8,50.5,12.0,11.5,24.5,328.0,24.1,13.0,45.3,23.0,194.0,70.0,-5.0
230,"Longwood (H) 308 USC Upstate","BSth",12,"5-7",103.3,108.5,0.3632,53.0,51.5,19.2,19.5,34.3,70.0,28.5,107.0,32.9,296.0,41.0,275.0,-5.6
231,"Southern Utah (A) 172 UT Arlington","WAC",12,"4-8",106.2,111.6,0.3622,51.7,50.2,20.6,15.7,29.7,205.0,37.0,134.0,27.9,40.0,305.0,278.0,-5.8
232,"Georgia St. (A) 254 Old Dominion","SB",13,"6-7",105.4,110.7,0.3617,48.9,49.2,15.4,16.7,28.6,242.0,33.3,278.0,37.0,94.0,81.0,56.0,-5.4
233,"Lipscomb (A) 214 Queens","ASun",13,"9-4",107.8,113.3,0.3616,56.2,52.7,14.7,16.9,27.0,290.0,29.0,119.0,28.1,323.0,43.0,275.0,-3.1
234,"Western Carolina (A) 309 Chattanooga","SC",13,"5-8",111.7,117.4,0.3616,52.0,52.8,15.0,13.9,38.0,8.0,28.1,93.0,40.2,285.0,35.6,333.0,-6.7
235,"Drake","MVC",16,"6-10",108.6,114.2,0.3598,51.0,54.9,15.2,15.7,27.0,290.0,29.6,141.0,36.2,154.0,38.1,327.0,70.0,-6.6
236,"LIU (A) 344 New Haven","NEC",12,"11-1",99.9,105.0,0.3592,50.7,46.5,18.4,18.9,63.0,36.0,26.0,41.0,31.3,270.0,32.3,36.0,349.0,-0.5
237,"Texas St. (H) 352 Louisiana Monroe","SB",14,"8-6",103.4,108.7,0.3585,48.8,52.1,17.4,17.9,32.2,118.0,27.3,69.0,34.1,205.0,40.0,181.0,-4.4
238,"UMBC (A) 318 New Hampshire","AE",10,"8-2",105.7,111.2,0.3564,51.8,49.5,10.3,15.4,20.4,360.0,24.6,15.0,37.9,119.0,27.0,259.0,-1.7
239,"Coastal Carolina","SB",14,"8-6",103.7,109.2,0.3548,49.1,47.9,17.0,12.1,28.4,248.0,26.7,53.0,33.8,120.0,45.7,93.0,-4.6
240,"SIU Edwardsville (H) 233 Tennessee Martin","OVC",15,"10-5",99.0,104.4,0.3536,50.4,43.5,18.7,17.2,29.9,198.0,32.5,262.0,34.2,164.0,47.0,-4.2
241,"North Dakota (H) 124 North Dakota St.","Sum",12,"9-3",112.3,118.6,0.3470,52.2,57.7,11.4,19.0,33.1,90.0,30.9,198.0,44.4,338.0,219.0,-1.9
242,"Colgate (H) 184 Navy","Pat",13,"10-3",106.2,112.3,0.3430,53.8,50.8,15.1,16.9,30.4,184.0,24.8,17.0,34.5,193.0,36.4,296.0,-2.4
243,"South Dakota St. (A) 328 Oral Roberts","Sum",11,"4-7",105.6,112.0,0.3353,53.2,51.6,14.8,12.8,29.7,205.0,25.6,31.0,27.4,334.0,348.0,-5.7
244,"James Madison (H) 159 Appalachian St.","SB",13,"5-8",107.1,113.8,0.3312,53.0,47.4,18.8,11.2,31.3,151.0,29.7,148.0,40.4,290.0,218.0,-6.3
245,"Sacramento St. (A) 304 Northern Arizona","BSky",12,"5-7",109.2,116.1,0.3303,50.3,55.7,13.5,16.5,23.9,336.0,32.4,259.0,44.9,25.0,243.0,-5.3
246,"Howard (H) 353 Maryland Eastern Shore","MEAC",8,"5-3",97.5,103.7,0.3283,49.0,43.4,21.8,22.9,42.3,2.0,30.6,180.0,47.0,17.0,322.0,51.0,-2.9
247,"NJIT (A) 354 Maine","AE",11,"9-2",105.6,112.6,0.3251,50.8,47.0,11.6,16.9,29.5,216.0,27.5,76.0,36.7,143.0,347.0,179.0,-1.5
248,"Old Dominion (H) 272 Georgia St.","SB",13,"4-9",104.7,111.7,0.3225,49.7,50.8,13.9,15.3,24.2,333.0,28.6,111.0,34.3,286.0,64.0,-7.5
249,"San Jose St. (H) 55 Grand Canyon","MWC",13,"1-12",107.5,114.7,0.3217,46.0,58.0,15.4,16.3,25.8,312.0,34.0,308.0,31.2,273.0,363.0,149.0,-7.0
250,"Arkansas Pine Bluff (A) 312 Alabama St.","SWAC",11,"8-3",107.8,115.2,0.3165,54.6,48.5,18.1,17.6,28.8,238.0,33.9,304.0,47.9,11.0,247.0,-2.5
251,"East Carolina (A) 205 Rice","Amer",11,"3-8",105.1,112.4,0.3161,47.6,50.6,14.6,15.0,31.6,140.0,34.2,312.0,36.9,136.0,249.0,217.0,-5.7
252,"Central Michigan (H) 314 Northern Illinois","MAC",11,"3-8",105.3,112.7,0.3150,52.4,52.7,18.5,16.8,29.1,225.0,33.2,277.0,40.5,291.0,183.0,-6.2
253,"American (H) 337 Army","Pat",13,"6-7",104.2,111.8,0.3088,52.3,52.1,16.5,18.7,28.5,244.0,28.5,107.0,24.6,354.0,67.0,-6.1
254,"Cal Poly (H) 116 UC Santa Barbara","BW",14,"6-8",107.2,115.3,0.3027,53.2,54.5,20.9,17.6,30.2,189.0,33.3,278.0,33.4,222.0,296.0,152.0,-6.0
255,"Delaware (A) 161 Missouri St.","CUSA",13,"4-9",103.7,111.6,0.3001,52.5,50.8,17.9,13.3,21.2,357.0,29.9,158.0,31.0,278.0,36.0,-6.9
256,"Louisiana","SB",13,"6-7",103.4,111.4,0.2961,50.1,51.8,15.1,19.2,26.5,299.0,31.5,225.0,25.2,352.0,354.0,82.0,-5.8
257,"Southeast Missouri St. (A) 253 Lindenwood","OVC",15,"10-5",103.2,111.5,0.2921,52.3,48.1,16.7,18.4,30.5,180.0,28.1,93.0,41.8,55.0,342.0,228.0,-4.4
258,"Louisiana Tech (A) 180 FIU","CUSA",13,"7-6",101.4,109.5,0.2905,45.9,50.7,17.5,17.1,35.4,47.0,31.9,240.0,38.0,116.0,310.0,337.0,-4.0
259,"Lindenwood (H) 261 Southeast Missouri St.","OVC",15,"10-5",103.0,111.4,0.2893,51.7,49.2,19.7,19.0,34.6,57.0,32.5,262.0,36.9,116.0,341.0,8.0,-4.2
260,"Southern (A) 327 Prairie View A&M","SWAC",11,"7-4",103.6,112.1,0.2880,48.8,51.4,15.9,21.2,33.3,85.0,28.5,107.0,48.1,7.0,303.0,173.0,-3.5
261,"Florida Gulf Coast (H) 320 Stetson","ASun",13,"5-8",103.7,112.2,0.2878,53.3,52.4,17.0,15.3,29.1,225.0,27.3,69.0,31.6,261.0,180.0,352.0,-6.8
262,"Fairfield","MAAC",15,"8-7",106.6,115.6,0.2829,48.9,51.5,15.2,17.0,37.1,24.0,30.1,168.0,27.1,338.0,29.6,84.0,-5.8
263,"Loyola Chicago","A10",13,"2-11",102.3,111.0,0.2826,48.4,54.5,21.3,13.4,31.9,132.0,28.0,90.0,27.9,325.0,343.0,50.0,-7.4
264,"Boston University (H) 330 Bucknell","Pat",13,"6-7",110.1,119.5,0.2799,57.8,53.4,16.5,11.6,24.1,334.0,23.5,9.0,36.1,159.0,26.0,265.0,-6.2
265,"Cleveland St.","Horz",15,"6-9",110.8,120.5,0.2753,55.0,54.1,17.7,14.2,29.5,216.0,37.4,359.0,41.9,54.0,339.0,6.0,-7.1
266,"Abilene Christian (H) 188 Tarleton St.","WAC",11,"3-8",100.6,109.5,0.2751,48.1,56.2,19.9,25.0,30.1,193.0,33.4,285.0,37.1,132.0,359.0,334.0,-6.1
267,"UTEP (H) 86 Liberty","CUSA",14,"6-8",102.5,111.7,0.2728,48.1,51.0,16.5,17.3,28.2,255.0,32.9,273.0,33.2,228.0,302.0,92.0,-5.9
268,"Hampton","CAA",13,"6-7",99.0,107.8,0.2727,45.5,50.1,16.6,16.8,32.3,115.0,28.0,90.0,35.0,180.0,356.0,78.0,-5.4
269,"Southeastern Louisiana (A) 303 Northwestern St.","Slnd",16,"5-11",98.5,107.4,0.2701,47.4,49.7,19.1,18.9,29.6,210.0,34.0,308.0,42.0,51.0,240.0,213.0,-8.5
270,"Eastern Kentucky","ASun",13,"5-8",111.1,121.1,0.2700,55.4,55.4,16.2,15.8,34.4,65.0,31.9,240.0,31.5,264.0,270.0,12.0,-6.7
271,"Columbia (A) 239 Princeton","Ivy",9,"3-6",106.5,116.3,0.2673,52.1,55.1,19.9,13.8,35.2,52.0,31.4,218.0,32.8,241.0,128.0,365.0,-4.6
272,"Southern Miss (H) 131 Troy","SB",14,"6-8",100.6,109.8,0.2668,48.7,51.3,18.8,17.2,26.8,297.0,26.0,41.0,47.6,15.0,325.0,272.0,-6.6
273,"South Dakota","Sum",12,"6-6",104.5,114.2,0.2646,52.5,55.1,16.0,14.8,24.1,334.0,28.0,90.0,39.7,83.0,12.0,148.0,-4.6
274,"Mercyhurst (A) 348 Saint Francis","NEC",13,"7-6",99.9,109.3,0.2637,49.8,48.4,13.6,19.3,27.0,290.0,31.0,204.0,23.6,358.0,321.0,42.0,-5.4
275,"Elon (A) 135 William & Mary","CAA",13,"5-8",107.8,118.0,0.2617,52.7,53.3,15.5,16.0,29.7,205.0,33.3,278.0,33.7,216.0,340.0,129.0,-6.4
276,"Georgia Southern (H) 182 Marshall","SB",13,"6-7",107.4,117.6,0.2615,48.0,51.9,14.0,17.8,29.8,202.0,34.9,331.0,42.3,49.0,206.0,136.0,-5.9
277,"IU Indy","Horz",16,"3-13",105.8,115.9,0.2596,51.1,57.3,14.9,19.4,30.3,187.0,35.7,344.0,22.5,361.0,345.0,176.0,-11.1
278,"Lehigh (A) 322 Lafayette","Pat",13,"7-6",102.5,112.4,0.2586,54.7,50.1,16.5,15.4,19.4,361.0,30.1,168.0,32.0,255.0,187.0,216.0,-5.3
279,"Presbyterian (A) 236 UNC Asheville","BSth",11,"5-6",106.4,116.6,0.2570,54.5,52.9,18.5,14.8,32.2,118.0,47.7,13.0,33.9,156.0,335.0,362.0,-5.0
280,"Alabama A&M (H) 365 Mississippi Valley St.","SWAC",11,"6-5",103.5,113.7,0.2545,50.1,50.2,17.5,17.3,29.3,221.0,29.7,148.0,48.0,8.0,264.0,105.0,-4.4
281,"Tennessee St. (A) 305 Morehead St.","OVC",15,"11-4",108.7,119.6,0.2499,52.7,51.8,14.6,19.2,32.9,97.0,31.7,232.0,32.6,245.0,277.0,59.0,-3.4
282,"Vermont (H) 357 Bryant","AE",11,"8-3",102.8,113.2,0.2481,53.3,48.2,14.3,15.2,27.1,288.0,20.5,1.0,30.7,284.0,36.4,197.0,-2.7
283,"Milwaukee","Horz",16,"6-10",103.6,114.1,0.2480,50.9,53.6,15.2,15.4,33.0,94.0,28.2,98.0,31.6,261.0,300.0,225.0,-8.1
284,"Jacksonville (H) 324 North Florida","ASun",13,"4-9",101.1,111.3,0.2477,50.1,53.1,17.1,14.6,31.2,156.0,26.6,50.0,35.8,164.0,316.0,36.0,-7.7
285,"Purdue Fort Wayne","Horz",15,"8-7",103.4,114.0,0.2463,53.4,54.7,13.9,18.9,21.7,354.0,35.9,345.0,30.0,294.0,39.0,264.0,-5.0
286,"North Carolina A&T","CAA",13,"3-10",105.2,116.1,0.2450,49.6,53.5,17.3,14.0,31.0,163.0,26.9,58.0,40.1,78.0,310.0,321.0,-8.4
287,"East Texas A&M (H) 88 McNeese St.","Slnd",16,"5-11",98.0,108.2,0.2424,48.8,50.3,19.5,16.6,26.1,306.0,33.5,288.0,30.9,280.0,296.0,105.0,-8.6
288,"Florida A&M (A) 340 Jackson St.","SWAC",11,"6-5",99.9,110.5,0.2382,53.0,50.3,23.6,19.6,34.3,70.0,27.3,69.0,38.9,98.0,307.0,152.0,-4.4
289,"Charleston Southern (A) 247 Radford","BSth",11,"3-8",102.9,113.9,0.2379,54.6,47.6,20.5,13.2,31.9,132.0,31.9,240.0,32.9,360.0,29.0,195.0,-6.8
290,"Evansville","MVC",15,"2-13",100.6,111.4,0.2374,50.4,54.2,19.7,14.7,21.0,358.0,28.5,107.0,27.0,339.0,74.0,258.0,-9.7
291,"Texas Southern (H) 265 Grambling St.","SWAC",11,"5-6",103.4,114.5,0.2366,51.9,50.1,17.5,16.8,30.6,178.0,30.0,163.0,39.7,83.0,249.0,167.0,-5.3
292,"Central Connecticut (A) 323 Fairleigh Dickinson","NEC",13,"8-5",109.8,121.6,0.2365,55.0,50.3,17.2,13.6,28.0,262.0,31.8,236.0,35.7,170.0,165.0,205.0,-4.4
293,"Incarnate Word (H) 246 Nicholls St.","Slnd",16,"5-11",104.6,115.9,0.2353,48.9,53.7,19.4,16.7,34.1,72.0,32.5,262.0,35.4,176.0,197.0,42.0,-8.4
294,"Iona","MAAC",15,"7-8",99.9,110.7,0.2344,49.8,48.5,17.4,17.3,27.2,284.0,33.8,296.0,27.5,331.0,30.0,145.0,-6.9
295,"UC Riverside (A) 129 UC San Diego","BW",14,"3-11",101.8,113.0,0.2321,47.2,54.0,18.0,17.6,29.8,202.0,32.3,256.0,33.7,307.0,299.0,39.0,-8.9
296,"Morehead St. (H) 280 Tennessee St.","OVC",15,"10-5",106.4,118.2,0.2313,50.1,49.4,17.6,15.7,37.2,21.0,34.2,312.0,38.1,108.0,234.0,152.0,-4.1
297,"Brown (A) 234 Dartmouth","Ivy",9,"1-8",95.0,105.6,0.2295,45.5,53.3,17.4,17.8,28.2,255.0,27.2,66.0,25.9,349.0,260.0,249.0,-6.5
298,"Le Moyne (H) 342 Chicago St.","NEC",13,"8-5",98.1,109.0,0.2295,52.9,46.5,19.7,15.9,24.9,326.0,28.4,105.0,42.7,43.0,181.0,126.0,-4.4
299,"Idaho St. (A) 186 Idaho","BSky",13,"3-10",108.5,120.6,0.2286,51.9,56.7,15.7,13.4,31.7,137.0,25.8,35.0,39.7,83.0,249.0,310.0,-8.1
300,"Northwestern St. (H) 269 Southeastern Louisiana","Slnd",16,"5-11",101.2,112.7,0.2240,49.0,52.5,18.1,16.8,26.4,300.0,30.7,185.0,38.1,108.0,284.0,118.0,-8.6
301,"Northern Arizona (H) 242 Sacramento St.","BSky",13,"3-10",110.8,123.5,0.2222,54.0,59.8,14.4,16.0,23.7,339.0,33.8,296.0,33.0,95.0,363.0,204.0,-8.2
302,"Sacred Heart","MAAC",16,"7-9",109.5,122.1,0.2216,54.0,54.3,17.2,13.0,27.8,268.0,27.9,88.0,36.3,152.0,37.0,238.0,-7.8
303,"Bellarmine (A) 138 Austin Peay","ASun",13,"6-7",113.5,126.8,0.2182,60.8,58.1,14.0,14.0,21.6,355.0,33.9,304.0,33.8,212.0,363.0,96.0,-5.9
304,"Mount St. Mary's","MAAC",16,"8-8",98.6,110.4,0.2150,49.8,46.3,21.5,15.3,33.7,79.0,30.0,163.0,37.2,129.0,176.0,318.0,-6.6
305,"Western Michigan (A) 212 Eastern Michigan","MAC",11,"2-9",109.1,122.2,0.2133,50.5,56.4,15.3,13.3,32.9,97.0,32.7,268.0,33.3,224.0,237.0,195.0,-7.1
306,"Grambling St. (A) 307 Texas Southern","SWAC",10,"5-5",93.8,105.1,0.2125,48.0,46.6,21.2,20.4,32.3,115.0,29.7,148.0,42.5,47.0,254.0,109.0,-4.5
307,"Pepperdine (H) 144 Loyola Marymount","WCC",13,"1-12",100.0,112.2,0.2105,44.6,57.0,18.6,16.8,25.0,323.0,35.4,340.0,34.4,195.0,25.0,327.0,-7.0
308,"Stetson (A) 238 Florida Gulf Coast","ASun",13,"5-8",105.1,118.2,0.2064,54.8,53.8,17.5,13.8,28.5,244.0,31.0,204.0,38.4,105.0,97.0,249.0,-6.8
309,"Northeastern","CAA",13,"2-11",109.2,123.1,0.2004,53.8,59.4,14.5,16.2,25.2,319.0,33.5,288.0,26.1,347.0,272.0,178.0,-9.2
310,"Loyola MD","Pat",13,"6-7",101.3,114.3,0.2000,50.3,53.5,15.8,15.4,28.0,262.0,25.6,31.0,28.3,320.0,20.0,284.0,-6.1
311,"UNC Greensboro (H) 227 Wofford","SC",13,"7-6",108.1,122.3,0.1958,51.9,56.5,14.1,12.8,31.2,156.0,27.5,76.0,40.2,77.0,84.0,355.0,-4.9
312,"Little Rock (A) 331 Eastern Illinois","OVC",15,"7-8",100.9,114.1,0.1949,49.6,50.1,16.2,20.4,32.0,126.0,34.2,312.0,27.8,328.0,203.0,-7.1
313,"Ball St. (H) 155 Kent St.","MAC",11,"3-8",100.1,113.5,0.1908,47.3,57.4,15.0,19.0,24.6,327.0,30.2,173.0,34.9,183.0,97.0,166.0,-6.1
314,"Fairleigh Dickinson (H) 301 Central Connecticut","NEC",13,"7-6",101.2,114.8,0.1899,49.6,50.3,16.6,16.9,31.4,147.0,25.2,26.0,38.1,108.0,228.0,91.0,-5.5
315,"Houston Christian (H) 204 New Orleans","Slnd",16,"4-12",104.0,118.0,0.1897,49.3,55.4,20.3,17.8,34.0,74.0,34.0,308.0,38.6,101.0,259.0,164.0,-9.4
316,"West Georgia (A) 170 Central Arkansas","ASun",13,"6-7",103.5,117.5,0.1896,50.6,57.1,14.1,15.0,33.2,87.0,25.8,35.0,32.1,253.0,242.0,118.0,-6.2
317,"Chattanooga (H) 251 Western Carolina","SC",13,"4-9",100.9,114.6,0.1871,52.5,49.6,15.2,12.7,20.5,359.0,30.6,180.0,29.6,302.0,345.0,76.0,-7.7
318,"Northern Illinois (A) 279 Central Michigan","MAC",11,"3-8",94.1,107.1,0.1849,47.5,51.8,22.1,18.3,31.5,141.0,28.3,101.0,37.2,129.0,275.0,98.0,-6.5
319,"North Florida (A) 311 Jacksonville","ASun",13,"4-9",110.3,126.3,0.1744,56.7,56.3,16.7,9.9,28.3,254.0,33.5,288.0,28.7,312.0,5.0,220.0,-7.7
320,"Alabama St. (H) 260 Arkansas Pine Bluff","SWAC",11,"4-7",94.8,109.3,0.1635,47.7,48.7,21.0,21.0,33.9,76.0,29.1,125.0,35.5,175.0,295.0,152.0,-6.4
321,"Holy Cross","Pat",13,"4-9",100.7,116.3,0.1602,49.8,52.3,14.7,13.6,23.3,343.0,27.4,73.0,32.8,241.0,40.0,131.0,-8.1
322,"UMass Lowell","AE",11,"6-5",101.5,117.4,0.1569,50.2,51.1,17.4,13.1,35.6,45.0,23.9,12.0,33.9,210.0,40.0,59.0,351.0,-4.5
323,"Eastern Illinois (H) 326 Little Rock","OVC",15,"6-9",94.3,109.2,0.1560,46.2,48.2,17.9,20.6,28.4,248.0,32.8,269.0,32.6,245.0,355.0,152.0,-8.2
324,"Albany (A) 361 Binghamton","AE",10,"4-6",100.2,116.2,0.1546,51.6,50.7,17.1,16.8,32.1,122.0,29.7,148.0,25.8,350.0,132.0,230.0,-5.7
325,"Lafayette (H) 299 Lehigh","Pat",13,"5-8",95.4,110.6,0.1545,47.1,51.7,14.0,16.9,26.2,304.0,25.9,37.0,31.6,261.0,86.0,208.0,-7.1
326,"Cal St. Bakersfield","BW",14,"2-12",101.9,118.2,0.1535,45.8,55.2,18.4,17.5,31.4,147.0,34.9,331.0,39.0,97.0,353.0,203.0,-9.4
327,"USC Upstate (A) 274 Longwood","BSth",11,"3-8",98.2,114.5,0.1463,48.0,54.0,17.9,16.3,29.6,210.0,33.1,276.0,32.6,245.0,194.0,181.0,-6.8
328,"Manhattan","MAAC",16,"7-9",103.1,120.6,0.1422,48.0,52.3,15.1,16.0,29.0,233.0,35.0,333.0,31.0,278.0,18.0,173.0,-7.7
329,"Jackson St. (H) 313 Florida A&M","SWAC",11,"6-5",103.4,121.2,0.1390,48.5,50.4,17.2,15.3,31.4,147.0,34.6,325.0,42.0,51.0,288.0,85.0,-4.4
330,"South Carolina St.","MEAC",7,"4-3",95.7,112.6,0.1333,51.3,47.1,22.4,20.3,30.8,171.0,33.3,278.0,47.9,11.0,61.2,81.0,-2.8
331,"New Hampshire (H) 259 UMBC","AE",10,"4-6",99.1,117.0,0.1292,50.0,51.9,16.5,15.5,27.7,273.0,24.8,17.0,34.4,195.0,136.0,149.0,-5.5
332,"Stonehill (H) 329 Wagner","NEC",13,"6-7",90.9,107.6,0.1259,47.2,47.7,20.2,14.2,29.1,225.0,25.1,24.0,31.9,257.0,8.0,183.0,-6.3
333,"Prairie View A&M (H) 256 Southern","SWAC",11,"4-7",98.6,116.9,0.1241,48.3,51.9,16.5,20.5,26.0,309.0,36.4,353.0,47.6,15.0,330.0,21.0,-6.4
334,"Bucknell (A) 285 Boston University","Pat",13,"5-8",98.4,116.8,0.1225,48.6,53.1,17.2,17.8,25.7,314.0,31.5,225.0,32.8,241.0,96.0,314.0,-7.1
335,"Southern Indiana (H) 336 Tennessee Tech","OVC",15,"2-13",93.3,110.8,0.1215,43.1,47.9,19.0,17.5,33.1,90.0,34.7,327.0,36.2,154.0,364.0,2.0,-12.1
336,"Oral Roberts (H) 222 South Dakota St.","Sum",11,"1-10",97.8,116.2,0.1210,47.5,53.7,16.5,12.4,28.4,248.0,30.9,198.0,32.2,251.0,360.0,61.0,-8.5
337,"North Carolina Central (H) 364 Coppin St.","MEAC",7,"5-2",105.3,125.7,0.1154,54.6,53.4,17.1,22.7,31.1,162.0,39.4,363.0,41.8,55.0,302.0,47.0,-1.8
338,"Saint Francis (H) 286 Mercyhurst","NEC",12,"4-8",101.0,120.7,0.1146,50.4,54.7,16.5,20.1,28.4,248.0,34.4,322.0,38.0,116.0,352.0,127.0,-7.4
339,"New Haven (H) 219 LIU","NEC",12,"5-7",96.0,114.8,0.1133,52.3,51.5,18.0,16.3,22.1,352.0,26.6,50.0,34.0,207.0,279.0,124.0,-6.4
340,"Wagner (A) 343 Stonehill","NEC",12,"3-9",101.4,121.4,0.1126,49.8,53.9,17.7,15.2,32.0,126.0,26.3,48.0,31.1,276.0,319.0,255.0,-8.5
341,"Alcorn St. (H) 220 Bethune Cookman","SWAC",11,"4-7",101.5,121.6,0.1108,50.8,56.1,16.6,18.8,28.2,255.0,30.7,185.0,29.9,295.0,222.0,84.0,-6.3
342,"Chicago St. (A) 290 Le Moyne","NEC",13,"4-9",100.1,120.1,0.1097,47.1,55.9,13.9,21.6,26.6,298.0,31.8,236.0,30.5,288.0,357.0,362.0,-8.5
343,"Niagara","MAAC",15,"3-12",96.8,116.3,0.1090,50.9,51.0,18.7,15.3,26.1,306.0,32.3,256.0,20.7,363.0,58.0,170.0,-10.8
344,"The Citadel (H) 179 Mercer","SC",13,"6-7",98.5,118.2,0.1087,49.9,55.4,17.5,15.2,28.8,238.0,31.1,206.0,32.1,253.0,83.0,306.0,-5.8
345,"Morgan St.","MEAC",8,"6-2",99.5,119.8,0.1058,48.2,47.2,16.7,17.2,28.4,248.0,36.5,354.0,48.3,6.0,363.0,231.0,-1.7
346,"Army (A) 240 American","Pat",13,"4-9",101.0,121.9,0.1026,49.8,56.1,16.3,15.9,32.0,126.0,28.6,111.0,26.2,345.0,233.0,357.0,-8.1
347,"Canisius","MAAC",15,"3-12",95.8,115.8,0.1019,45.5,53.7,17.4,17.4,31.0,163.0,29.2,131.0,29.2,306.0,188.0,124.0,-10.8
348,"Maine (H) 302 NJIT","AE",11,"4-7",94.0,113.6,0.1009,49.9,49.2,14.8,18.0,16.1,365.0,33.0,274.0,42.4,48.0,33.7,25.0,-6.5
349,"Tennessee Tech (A) 341 Southern Indiana","OVC",15,"5-10",101.1,122.4,0.0998,48.8,51.8,19.7,15.0,35.9,42.0,33.7,295.0,35.7,170.0,216.0,39.0,-9.3
350,"Louisiana Monroe (A) 226 Texas St.","SB",13,"1-12",98.1,119.5,0.0941,46.6,56.3,18.3,16.5,25.1,322.0,34.3,317.0,38.5,102.0,103.0,325.0,-10.6
351,"Air Force (A) 132 Fresno St.","MWC",13,"0-13",93.5,114.1,0.0926,48.2,59.3,23.9,14.6,18.9,363.0,32.2,248.0,28.5,317.0,81.0,231.0,-8.3
352,"Norfolk St. (H) 360 Delaware St.","MEAC",8,"4-4",97.8,119.4,0.0909,51.3,51.5,20.6,21.7,33.6,81.0,34.2,312.0,56.6,1.0,63.0,330.0,-3.8
353,"UMKC (H) 126 St. Thomas","Sum",11,"1-10",95.5,117.1,0.0876,47.8,55.0,17.6,14.7,29.5,216.0,33.8,296.0,26.6,343.0,252.0,181.0,-8.8
354,"Rider","MAAC",15,"2-13",99.7,122.6,0.0844,45.4,55.5,16.1,14.6,34.4,65.0,33.4,285.0,30.9,280.0,52.0,211.0,-11.6
355,"North Alabama","ASun",13,"2-11",100.1,123.2,0.0835,50.5,58.2,17.4,15.1,29.1,225.0,32.2,248.0,38.0,116.0,35.0,293.0,-9.8
356,"UTSA","Amer",12,"0-12",99.6,123.8,0.0755,45.2,57.1,18.8,14.7,30.2,189.0,40.9,364.0,28.4,319.0,122.0,163.0,-9.6
357,"Maryland Eastern Shore (A) 237 Howard","MEAC",8,"4-4",91.9,114.3,0.0752,48.7,48.5,22.1,20.0,32.0,126.0,29.1,125.0,39.7,83.0,71.0,68.0,-3.8
358,"Binghamton (H) 319 Albany","AE",11,"1-10",94.7,118.6,0.0698,47.9,52.3,16.8,12.2,18.9,363.0,26.7,53.0,34.3,198.0,349.0,152.0,-9.4
359,"Bryant (A) 258 Vermont","AE",11,"4-7",95.6,121.1,0.0617,46.6,52.2,18.7,14.8,31.8,134.0,30.2,173.0,34.5,193.0,286.0,82.0,-6.6
360,"VMI (H) 191 Furman","SC",13,"1-12",96.3,123.8,0.0530,48.1,56.7,15.5,16.0,23.6,341.0,36.8,356.0,28.2,322.0,224.0,345.0,-10.8
361,"Gardner Webb (H) 98 High Point","BSth",11,"1-10",95.2,123.8,0.0464,48.8,56.0,20.7,14.8,23.8,337.0,37.9,360.0,30.3,291.0,288.0,109.0,-8.8
362,"Delaware St. (A) 334 Norfolk St.","MEAC",8,"1-7",87.5,114.7,0.0424,44.9,53.0,21.2,20.2,29.7,205.0,29.1,125.0,40.9,66.0,342.0,219.0,-6.8
363,"Coppin St. (A) 347 North Carolina Central","MEAC",8,"2-6",94.3,124.3,0.0400,49.5,53.2,23.8,21.0,37.9,10.0,33.9,304.0,46.5,20.0,363.0,231.0,-5.8
364,"Western Illinois","OVC",16,"1-15",91.8,121.9,0.0367,43.8,53.8,16.7,15.2,26.3,302.0,34.3,317.0,39.2,92.0,281.0,20.0,-14.1
365,"Mississippi Valley St. (A) 300 Alabama A&M","SWAC",10,"0-10",88.1,122.1,0.0231,46.3,55.4,20.1,19.5,26.4,300.0,32.2,248.0,36.1,159.0,361.0,227.0,-9.6